476
343078913
67649556
897241111
765210651
126169121
993859618
254754851
134162482
7415858
883228729
263151675
521314376
43116618
243687504
372910172
977578082
226947183
573356145
594255992
141301883
410830972
987179134
138379393
423600261
774770824
761895049
636371085
550705293
930838672
70772880
67049620
946563221
364372118
996735128
248750241
453533861
372056229
402829482
135329962
933951660
428845230
123721916
448434371
953725124
280137927
797487310
605743310
854524112
398321873
490920147
893591768
58505433
998023387
854038756
118896869
383076580
741929191
174293222
527444201
863664365
20852975
540891378
625314044
483240189
647551230
403831048
942663951
350851352
162396449
448076077
565928240
421695793
867123508
356247861
142094647
324905275
339439933
629496131
778426693
336957767
463874376
491364681
259985742
268894544
993806674
203731286
920219990
720804184
217074022
276320617
626536809
590815596
505504117
471116153
688787835
603369854
873152896
2793860
625336711
140476816
833116565
164471191
93098395
759980449
868848033
355352995
996295076
811573672
840620459
726446512
315840953
417155514
544487867
745945532
462148040
819988941
426346962
69161427
573299155
582388183
912837085
35744222
326226397
482765284
48663015
348514793
781775344
286034416
305420789
650072566
289933819
109249031
202725901
230881807
404435477
324887061
324051487
962265634
75018793
251585069
993628718
849228334
982428209
701776435
125594167
621742652
257802814
68743753
166077003
342956633
104383073
717177441
201507427
113445475
46324340
43840116
34706039
804876928
183011972
354466437
568646281
348060308
843152023
823464600
725834397
685247137
367338145
779684518
373697196
102464174
994882232
813734585
81527485
672338627
360321735
743441105
779199189
418001624
677343962
691481314
309015271
401042156
941021938
463672058
694186751
676215560
610282252
306838287
736457490
231607064
548739868
459080476
317391654
591874855
137007914
513098541
352379697
192863027
133526328
222776124
628382529
686197573
739531594
945472332
983302991
922989393
440314710
767181655
326388574
537021282
744182627
911962984
263054188
365413232
838286194
657187702
983812988
685226882
757164933
184218507
509035417
196580249
189905826
103338915
658549668
932696997
115731376
16272306
912237496
647312314
930171840
344818626
978586563
985596873
201554890
904178640
685515736
750838746
104565724
874003420
798395361
867240929
440685538
330519524
281557997
909833205
947123197
355118084
954029061
189918226
824290326
881802263
22692888
578173975
200225824
874943523
324609065
294171700
922668089
11754555
964817982
276272190
998763583
179055681
753771587
489405513
949617743
135214163
841587795
618482773
280327258
630277216
540111969
691971174
456264808
472480877
49165425
596040817
414323837
2813054
300559493
186326153
297938059
401024142
699843730
654320791
151262371
925953199
869977266
6192307
488393924
819834054
799804631
224791786
941395186
160269565
163699968
478704898
801717511
872545544
457461004
298280206
439577873
522906899
601109781
25150744
134321439
863311142
342744364
426577200
603598131
110634293
152524087
39447864
830659901
304895295
418198849
865424706
523611457
417125711
189920591
699929949
957791586
239779172
584189289
831010153
812758379
816844145
582985078
772162947
83197320
438381961
576066959
899394962
423222691
936328620
157152684
335281582
562292146
396058035
19637684
804980149
564258234
573412796
887795137
896927169
59565510
27342278
267621832
499834321
505091538
205233621
831759834
583476700
567719391
728241631
891837926
785485289
112238058
830191089
601347569
620543474
735354357
328426998
144102903
247408135
289785357
108154382
806096414
139994663
684527144
12885546
42044981
267664950
548146743
14542401
692328006
649455180
716895822
125843023
470810192
625737294
834301524
285226582
186293861
693233261
114572912
475010676
68683390
538871425
517621380
381126279
247764616
742375049
538416782
110792336
582604443
195595931
748250783
983223971
60112559
223329968
407289519
867350196
696921784
512882363
361672393
316124878
622782159
752053969
205694676
713623254
467547870
893075181
393199349
600426242
727834374
874053384
333092618
948694796
26357518
800337679
398139151
967565071
321670936
294979352
796665636
422166308
282640167
603408170
298569515
168482603
320128813
458997552
422979377
525670204
176426812
252256064
6895427
933934916
987574084
819896146
974548819
93808468
246974292
497465179
863319907
519210851
413751146
670406508
645570413
840058736
115664752
90859381
818497402
261083021
332459921
774502301
841457570
929662883
711882661
112684966
808779692
527409070
207040447
239151040
682520517
199649230
570140625
724328402
880848859
741562355
881031156
152283125
492896250
166461439
