1809
436854791
934789142
626876441
456130585
879493147
2727969
463224872
228515891
63709240
724418619
98975804
734396489
681435210
832675915
484237390
84672592
887111764
239165529
931782750
616972386
639598691
869761123
785457252
998293607
162791532
534208622
188751992
656613507
853450885
426205321
265429131
155148430
863355037
608411807
207446177
289800353
824295598
418906309
21840072
947454154
410812625
904839379
681296084
100835546
884736241
366387451
649412865
596386049
360022274
184131846
720961801
962756875
853164300
576553233
894304529
869810455
77136155
734208284
512712990
394518837
370393399
302391615
695918912
613327170
890429763
443646274
114139459
681066827
920158539
544784716
857514317
853877071
546955600
950755664
426795352
483213657
820871512
97304926
384885093
138781030
633389418
780738928
946397553
811630964
614982005
918741372
958095747
438051204
934396294
44687759
151601558
714465705
327705005
959996342
594354619
616391103
692912580
79757772
865362395
361431516
699449837
838427118
218833392
751370736
287252978
816652784
554795509
310362614
379552246
621011452
31351293
622559743
746775047
976224783
393994772
460997151
505831982
20316718
260801079
588775996
43270717
712106562
828629571
174793296
244957787
769909340
119538277
577462885
728785512
765444713
520307309
48104048
28910196
863216245
555254393
996827769
602079874
174195334
505569928
661471881
818471564
537371283
146735769
559186587
564331168
537674402
798458541
583844527
784040625
891036344
998040252
909927105
937296603
801940191
622568161
550388450
388113128
302555887
652444401
935985909
564036346
963486461
24388356
701842184
681771789
728556303
625713937
90170131
638411539
883401518
644883257
101737279
656220991
935535427
545530699
493093708
70951756
575955789
20980557
84181843
863822682
639099738
272810845
770581346
855704423
200868716
39797614
303620977
581174135
905388919
553780090
310575996
719283074
578159501
769655699
807281556
302793621
448439191
656311196
259843022
830202832
1393645
116696046
446088176
754328562
970040308
683254773
706061306
490333185
18605063
967582729
674513930
61096974
290595855
728204304
867550225
211624977
26272793
283182106
457892894
837952543
948593700
23471147
394437676
491365422
813270062
820003889
17417268
819569723
251569216
385049664
867337284
715621445
219399239
637568080
610485329
242238546
186934355
592028760
950772825
258917469
552354914
784508002
758293604
871834732
459736178
89605241
459236475
892175490
539190408
86033545
913548434
221136018
671933610
575890602
9897140
543483063
102515905
912737474
926008521
247915726
432973008
329475284
689161428
443401428
594994395
970417372
403522794
672310512
29287672
114197753
392226046
836314371
355124483
778953988
243434762
589260049
687432988
70952223
295240992
928449826
368010537
55715114
706749740
711976246
335734076
249554239
70673729
838935880
598377804
536839501
441501005
562046289
112346460
957982047
168510816
841581922
111920484
439674216
905454956
525337972
158115189
394913146
654927231
453059976
232809881
888317339
261432736
827590049
563013026
753436069
367175080
596157865
708945327
872367539
504047034
985499074
487458248
908428745
414549476
440755685
12010983
48432620
246883826
688498163
135464437
385803767
405349880
203261439
717800973
594462225
933242386
271730197
149972514
417490476
691447340
79496752
742336048
877782581
210921022
711247442
485975638
953615963
225764960
140592740
73868901
859022949
75654762
692848235
781321838
113092207
376227439
38651507
177964664
541017729
104457859
288933510
862062225
953378454
950331032
602949274
987555485
174982821
936445613
190359231
128165568
156780226
170206921
303228618
614188747
786343628
220096208
567109331
763979478
29640408
498943706
190990043
692045533
294536926
644663009
510019303
178300653
398894836
649864963
928016133
794986247
915556107
530532108
855443213
408766229
952567575
363955991
421603097
223479587
691824436
756164411
309962557
409306945
150325060
847693642
195397457
674457426
977446749
281880413
83126123
657360760
287852409
156419972
165750660
174008200
212666267
99215262
441182122
556648364
489424817
371492789
892987320
968517563
592152522
982239180
953173972
513664982
872335319
987654105
842762207
425682915
912025579
494102512
735356912
714778619
121817085
938199039
263424000
265365509
360146951
219310089
815163401
566306825
451676191
254560288
943925281
314599464
551512104
675104814
884131890
394414133
906709046
554936373
435284025
613337148
668100676
43386955
973760595
197462102
401746009
498133082
870033511
155019372
421013629
59492478
474351741
314017920
411576445
30681219
722495624
315656330
663169164
658688141
677922965
267798688
36235424
959867046
757115047
272181417
667134131
647129268
773621940
486189242
746744003
647129287
953665735
628467917
244631762
236062942
46508254
302450911
260303076
768387313
636266737
376514803
849479923
399280379
995789051
983787774
835127551
583682302
709011714
914524421
858335495
682764552
885500175
281659666
904161555
579610899
720316692
815532311
371337506
706832674
563185957
453462309
701917478
876390701
323004727
526149944
10537280
840624453
917006668
748833104
127560017
858089812
348023124
57928022
973998429
764881248
757778785
573458787
716867943
997042536
978332016
579086708
512641397
915548543
618498433
842344842
713656719
465185172
996362654
450693539
415148457
350046639
619456948
621406646
592701883
830138812
673843648
112421322
822692300
439634381
835611091
450980308
112273876
443845076
130066904
83347928
770730461
369895906
633121251
669796837
875080166
547187180
263907822
180767229
292997635
763406853
385444367
107489811
408472089
460409374
67865125
488679977
911960618
111610409
443034156
993847853
669125166
300878381
924764721
821692999
155691593
758139468
377834062
146639439
401992278
310471262
302082664
472025711
104598129
999402111
535579265
11143812
476932745
803703438
5008018
223308438
657582745
734833307
521276066
472697513
880790189
112061106
369978039
710142651
600869565
677071549
996526785
854887109
508431051
926862030
930589390
782420688
959802066
75582167
514697951
438528737
287582947
482544355
26405615
615426805
94817015
261352184
215911161
313920255
256715520
358820610
504441605
171256581
199879432
377547549
124939039
861752100
132303652
479095590
165022506
368364333
19942198
568380218
551824186
322038592
130722632
646523720
224037713
285297491
724454232
490605409
904203118
355502967
856255351
480545656
804293500
460548989
793455496
773000073
924822409
406948751
715385755
90016670
934448030
595389346
152832930
954616740
699861926
260770727
637914027
457223091
128977845
942320566
494373818
811256765
332196810
47123407
109579228
940231645
757263332
42273769
605629418
102329325
371330031
307121145
607439868
261581821
643714051
453716996
466791430
164187143
83831816
758574087
16133130
892226574
836586511
884829201
196946963
198298646
299379738
543296542
150711327
857082919
991022122
572288046
717311036
985730110
746761285
243190863
840043604
667200598
375057505
962628708
139955307
739953772
325725296
786271354
264760442
708365446
934513799
113159305
391867539
717876373
222842009
682462362
95980701
98241694
203795619
357977266
612699314
581487801
346688703
272239809
2976962
103271624
807816394
948915407
469208272
528362705
493350099
65391828
945695956
523381974
522685655
125037780
343444691
633089247
745090274
671354091
272207086
695962862
678317295
205434107
851053833
757984523
933432589
948047118
476015886
402271509
240586005
613362969
258411802
513207582
720227622
379055403
286240047
473902383
446778674
379800885
890129720
893701436
189721920
610241859
842689860
971083080
499281230
288181583
490499409
907726172
734457190
964947305
727928171
966061420
635948395
168013169
800648565
542780792
9383289
493383037
521203084
988024205
545467792
136367506
199110039
64884130
388140452
176999846
934178220
368217517
436620722
370306494
223727043
387362245
976457160
789818838
67866083
295775722
633646571
758189553
520687095
936521209
223718931
255602198
296341018
511872539
510234141
320343584
463932973
716574255
514788918
118492728
909184572
247885387
202550872
586665563
502713952
651554406
13430374
327560820
980840059
44961404
881577599
564350591
190623365
46255750
913624716
955723408
470478480
156741266
14749331
746270363
681135775
730304161
895119013
451538601
306327209
190795447
720506553
787902147
962842308
317861573
504155861
444255957
916827866
540307176
259149551
232664817
241372914
276860662
581611256
900902652
828837633
939044611
952061702
673591062
558018331
280489756
480702236
355094302
570388259
788942634
411701035
947220270
393686833
683577141
765046595
711806791
336580423
956870475
728272726
56233818
563007329
754470754
313552740
198791014
310710119
265523053
173502318
423825264
314978160
824979316
586813300
22130553
107843456
673484676
98783115
436522891
311783314
528273299
910798740
8417178
15093659
27963296
748326816
638734245
10416044
305278895
118706099
682512313
766545851
388124612
178646981
814108617
720900044
274976717
719441870
336990159
487845859
447516645
184815591
523096042
359182319
307924975
139374581
890163194
230141955
890515465
945877004
891670549
937398296
469954588
125718569
159133749
776319030
639176762
928149569
309055556
488771659
928772177
633622613
908087386
33788002
722260069
744992874
984158319
436842607
813584497
83341429
264040566
540176503
21262456
676475000
776032378
704532603
426152065
114667656
63221901
892940429
40456354
177705145
593080509
594260157
399347905
144920771
367333574
240414919
365744328
483676361
40489162
375533771
662032586
684912847
672231634
782749909
438071510
775565534
974852320
227094760
453054699
839381230
481710327
642724089
597192958
688566526
644165889
167416068
349425940
28643604
686461205
826970388
715321623
670019865
825012505
373977373
940290334
40251683
61042980
434557219
482087211
364015919
107557167
120082737
81539378
129790261
608727350
787116353
490254663
839455055
894112084
444436823
239243612
501985634
556880229
654766438
541462892
933163376
611471729
975352192
150294924
218657178
640389530
776229279
774295969
590606753
930263462
825831847
700125607
115446186
246436270
476942773
607252918
653922745
33354172
411742655
142504388
616903119
580710877
479547872
168325606
678474216
86340073
689115634
280228340
951472640
475550214
218247688
938807817
959214111
865792548
38908458
206877231
591548980
278483511
972886583
486601273
504877625
104337983
46297665
347271751
284111434
94007883
550638159
549655125
830616151
653226586
630444652
881726064
423776881
673632882
266310263
390894203
110736003
443167363
207975051
358765196
316617356
41210509
60379797
992506520
487977630
728675001
126358202
743649981
39137991
674984656
386880208
441488082
385618650
297906907
482243297
480408291
117461741
828478190
195056373
614200057
781456121
830927617
108901123
594203400
24687368
988861193
905097999
396645138
721531667
670544675
906244931
972559183
994579285
438489943
241046362
456348508
877531998
251220836
122385271
100397949
931615617
592950149
126981009
40432530
716559258
910185371
805745564
511792040
695210922
104838060
371839917
766178226
187225014
854864825
672003013
218436550
514511816
4453320
439792597
916681686
882734061
24810478
164688887
197628920
318886907
95630331
874779643
159347711
994948096
565597183
458585093
522556424
269063177
785978377
172086283
648492050
211194900
992367641
462885924
27391013
578278454
813634617
759018556
746198077
691557441
846369861
224162888
891409482
104674382
236155994
457495644
210760804
623162483
224859251
584905845
326956150
837727351
190575737
997610622
828691585
661509254
159380622
941864084
671085743
390223024
397218994
30495926
658396345
698684602
851088576
274904258
260625604
515028167
225998028
590214348
818386129
928142547
279131352
699159772
816927976
749270252
336123117
192689390
82466038
320763130
252941566
962761986
941094147
375354629
699110673
450950422
294507809
196179235
101324075
488060205
564417837
781022513
844051766
805057848
556856632
520574271
671520063
315618624
385905989
942150985
855766351
126711121
164877653
295646550
12465502
61748582
570586472
866833773
495850863
169293175
631682437
562894214
990942605
582653327
990369175
191985055
283866528
392885671
585307563
495244715
882136515
760214986
709309905
777434578
848360920
762041831
362608105
720279024
312309234
320181751
283407864
835139068
174929408
45266441
182531593
880424459
92730890
356881934
442160661
369899030
468661785
35059228
524138013
949155359
576779811
707679780
249034281
243439152
490157618
165467701
808908342
799929911
279402046
501634622
770700864
968685135
263239248
671184467
7665237
443987544
693532252
997529181
803124830
137614948
319542886
314537576
425932399
536778352
723211894
445429381
241161865
481646222
464631438
289379984
667752079
865842830
367171217
495449750
150640284
902215333
843208371
320829111
506427067
205231804
294770364
962000583
274822863
974091985
6911697
750376659
781620951
781792991
269752041
509654765
361010929
914126578
820999944
39982857
744052492
59045650
584832786
765277972
332125980
708564768
709064486
543577910
7567159
145798967
324392766
890050370
142948174
75741010
47888215
354604889
864491355
382203741
262829921
670742370
228308836
307500903
692311911
440186730
933009262
699086702
318945137
23394162
336164726
398120823
856864633
38672255
810039169
701806471
201488271
805173141
407902103
341809049
415315873
668702626
324786087
998643632
106534843
343332803
107730889
825784270
807983058
388364244
529938392
312326105
732616664
91789276
238532578
573659109
387446769
77469684
804698113
976705540
29546511
898365457
263813143
58177562
564574234
124794908
754784282
162715684
887961643
230127663
972388408
225056829
272889921
220280898
212924487
647616583
942979145
766195796
987224154
858380391
845142121
143169646
310335600
154843249
594999408
634460272
965515383
498350202
377297028
16316551
914339977
181721229
251115665
322369683
942561432
252156067
202455220
745035957
866351292
957069503
344209600
612104392
987601100
479344848
43153625
397015257
280639707
336926945
89823462
990017774
182163695
686536943
367655155
836679925
235935991
421959936
404502787
142719236
314382609
99735833
351557918
714479907
628783397
875460909
864074039
330512695
231233851
687290685
400128317
369400128
100145472
700299589
66238791
496933193
477501770
990918993
715618650
274004315
746903905
394893665
906778982
367548775
346102127
692697455
690903414
466442618
306960763
411367805
573929864
973715849
263846293
905189782
743922072
747272622
304077235
274799028
973953461
481401273
673036734
256055743
643750336
868587971
855538117
433666502
149518796
941480398
377534927
284391900
590830047
147290593
346159591
882735593
199571951
338000378
901618170
597416445
460929536
328071681
833264131
443963911
851122705
160242194
173832722
588519957
918174232
519731736
925727260
872061477
742570533
992901690
722737730
287963715
411155011
139524677
147257927
967932488
300997203
616987220
976550485
675019368
289905259
272120432
168647289
574642813
758954629
904469129
27605656
198105763
159914683
843004606
527309507
489306824
396917450
808704718
669924058
399874779
369769181
919370465
436320994
327162598
308558567
23411441
186727156
847960833
763173634
414800641
232856325
346913548
91921165
309386003
54090517
820648725
681589529
443816733
52484901
390142758
164084520
550558509
517307183
124189502
841177921
811187015
171760463
382368594
630152020
307632985
879287129
618281831
612490094
498269047
645798781
246201216
411761541
396893061
777100169
792181643
365861773
469703577
169024411
504986523
506026912
611949473
987028393
877509546
190938027
34905005
140934065
251026354
502389692
999726019
447101917
293452768
713350119
478927849
738565104
573946865
58997749
567032822
413891578
144178172
826055677
868416517
762182662
885988366
800775186
256990231
337452058
375834
162159648
646749219
775871523
185719848
122805289
281517098
930634794
222125106
48995378
11942967
783318079
854613058
422665290
715349066
236493906
662346835
960879705
399080547
192601200
808025200
60587125
736246928
487914642
315088026
276225180
282877087
856243361
698375335
504560808
19381426
782884019
444726455
966761655
889076921
203652284
602053822
679926975
970644677
602905798
680377543
257596617
918346954
415071435
195615949
488086741
594091231
716528864
301341923
719969510
791305456
128842993
192863473
17186035
598179062
550567161
163413248
83934472
921296141
261402
75447595
275864883
441220404
333167925
941382966
920780086
502242627
664010051
165387600
236043601
210623825
888184148
554057047
287898971
927014241
350682466
132218213
383712619
613965176
655293818
82427262
297090441
237428110
49888683
886980012
223911344
94633394
831520184
232037818
609082820
581385670
808869322
251952593
263355863
515620323
352714215
439238120
89710064
67608051
515644923
326843910
455556623
661265935
340631065
901922331
658972188
894557723
462175774
54263323
377314856
590093873
315375155
535961144
106282553
526278207
319708735
611458627
985341510
718822985
286834251
180395598
651009620
825073237
252272219
244776542
306470498
512327274
217628269
91274863
411991663
242024058
531185275
656703100
402603648
471031429
639147670
203349663
147160735
250527397
46759589
750902957
216145583
423968432
242237103
410869431
303988407
827293373
422215361
222674626
132038345
436264653
525024977
256409301
844127958
250937047
126893787
162619102
69041886
914357985
979959522
135757544
412172009
914308849
300408566
52543224
833773304
582852346
595099391
515440387
119471875
740564744
1916682
538443539
586112789
457694999
85548828
639778601
552288042
831921961
397238072
531578683
903978813
34357056
159866690
538664772
102448972
582188890
712720221
625680223
20635488
678158177
909393762
555442021
938549099
390766445
303079289
813227899
521478013
427712390
633954191
166231954
274677655
694837144
342384542
114458528
245940128
569565107
765509573
583466967
5062616
413179875
160128996
106332158
