1705
114425871
422715411
233021461
756973601
815521835
361848877
519479344
133488694
888987709
657203284
742015061
270418009
267075675
90456160
66756706
591741031
167362671
414892148
56295540
540606585
738025596
85319805
409002109
376512639
591978626
732364931
48341131
328507533
384229519
666689680
129876113
216162447
837877910
385933466
555425949
431702189
457924785
481534135
905134263
810074297
106430656
322109637
722919622
782655685
361578695
449208524
656703694
10846416
434520275
649683161
297230554
235929823
219381988
307986664
139993333
360308985
684613889
98394386
46129427
721731860
302301462
306430231
577323314
525836599
301490492
159285573
829907302
451158376
668377453
869466481
162062707
47890805
363749750
687505783
409354615
221880697
302408057
318325114
182444418
272441735
812368275
532480404
656023962
332095903
519274918
853606827
154853812
891969973
205373877
262930881
76677570
518439365
24846797
835617233
841875926
746635739
880738804
885342708
868327927
752345600
513524231
47866379
456000012
16810509
333218322
116302356
444113433
8495651
878641700
686842403
116081199
718758452
185410109
346300990
112902733
617718350
378856017
772129365
184205913
891060828
291086941
37208670
535822947
817128049
727704178
406422145
155615875
210436742
588907146
835183244
564142737
191070870
306913952
746145
46858927
554148534
954868410
252363450
970252986
237109953
548922050
31916745
88261321
739893964
211010252
531669710
248275663
85131984
776782548
592003801
267182823
807420648
576938729
732676849
512762614
573317886
155312896
100786952
842547980
717685518
692462350
175915790
150594333
325083937
17629986
919274283
317612849
264840019
156140376
328835935
607847264
722346852
43541355
797901676
588972911
780878707
900014964
265208701
986301313
624878467
45532037
33006482
399688599
444629919
305988522
770818987
851436472
195068856
475521979
630383553
958849991
64840650
806495178
624731101
960521186
604087270
91784174
15541231
973005811
466240510
569361406
707445761
137683971
946938900
831382551
378291237
110838836
605439031
363095098
317555770
230499398
644441175
160629848
274891872
407725154
899769452
808658030
377357425
765125749
840893559
798155900
511263873
354067585
714523779
100009092
579978376
717743251
772383901
329278626
5301411
939402404
91538598
306070703
163964086
84239550
90072254
451405015
343155941
215852261
558540007
40731882
12494062
702211311
374899954
219161851
689046780
573089024
593356032
964896003
202851588
658580747
280249634
760448291
46286119
506561836
466683189
272704824
816530746
340067643
935347524
139371846
422757707
625362260
254125407
921208159
325043553
893912415
252134755
883606888
516769133
527172979
351520116
860423545
632243587
46212488
32023955
185329045
242222486
240190880
108471722
599352750
576357810
704267705
27354558
748529087
696313283
795715014
685434311
590849478
694781388
48211405
784672207
308504019
829998555
743220704
636265973
530466294
218883585
712197633
112305667
625731074
863200777
793609746
267863576
41403930
190629403
240477733
815949356
36734515
455009864
256009804
403236429
571983464
723854957
310781560
439740031
166110857
133080720
740329110
446563995
194061984
392308386
664741548
663070383
572614324
314541752
588859066
936617659
213788351
544081600
392120004
286287561
896739022
64243413
665142999
321423065
41879258
31311577
535340762
227747569
540641010
186746611
980813560
363071225
880649978
646301434
775735038
83543815
687326987
892626701
804194061
823699225
195061530
282863393
545072930
495937317
325871408
207308607
17221440
817424192
466380608
246622020
700630855
707159891
768608086
861546327
448644953
802441051
48752481
291325794
688678758
151586664
411969388
956270446
484722545
141854579
628254579
926304118
50939767
534759295
583468934
175163277
641222549
379602842
978306977
639657891
249374628
564283302
714663859
17811381
656361400
991037371
186279870
706168767
211158976
177506244
18835414
302311391
67667937
305481702
581797864
229697516
989784045
702818286
908642284
94193644
305416181
505440246
65693694
225110019
394242062
895100950
703219735
649930778
327567391
805677103
550570034
267520057
354699327
348088385
209872962
788179010
370567237
791668809
578406474
282437709
333916244
488106069
521734250
775309421
364890229
37406838
136603768
964356217
345852027
661686404
919341191
708642958
511477906
235825304
239143064
628451496
21375145
887908527
376694967
788842684
3254462
591751359
459278537
383142097
796035289
426264794
448104673
963135713
299559140
741779699
495937780
793184508
663513346
249907466
396159253
66111772
731572508
354822431
469690664
956311849
183036208
225093941
507668798
615631169
93055297
139635009
962414925
81480014
929974607
277334365
806078814
865003879
625731948
720415085
906987889
946022783
854026632
229083533
242256275
527133078
590252450
678439332
224053672
211208627
166898101
147990969
987843004
270502333
368986566
677480902
560327126
150309338
109201887
435161570
719260131
1075685
967879147
879741420
994355698
552987138
568928772
707553803
777792016
557017621
539527707
154405405
198855206
714295849
293841449
27699759
901278276
440699461
724560473
998533721
506423904
208366179
910412392
613993070
975178362
396208763
224479870
950086273
494619265
558852741
80308869
686828174
79194784
243231396
654609075
219982519
776497848
127339194
135056061
796723901
959777474
919530183
366791369
194325197
229337818
273574633
989670133
739969802
595733263
177466136
300632858
276138781
167832350
879807265
695298867
495504180
201149237
92179257
16026434
200846147
165743432
517892937
167742283
617745241
572255069
208169827
676760421
287796084
814861174
903785347
721046403
204598160
2755476
226085782
422087584
698067883
364252076
703908781
98724782
703351727
357067692
292727734
77196224
149490632
787499990
569453527
273525718
274033630
326700007
660876279
655895546
913075200
634678273
526879751
751176736
589712423
731565099
282815534
641944631
417197119
397339714
206163014
545434700
187771981
517893206
582405213
305777757
372493411
392440933
158805093
483724398
468339830
167201912
405646476
128461964
392187023
473173138
759319729
792005827
258280654
981707984
926911715
369372388
459984101
755256552
723750126
520596728
278400264
152120587
898108687
598863122
590097686
493874465
271592740
57314598
776539430
475262252
122121527
38219067
963661116
630410562
463621454
158911838
473894238
184216930
923741541
781430119
443313511
834604391
193039723
760474993
344681848
971566460
982199682
927714693
48680332
645827982
974556559
837250449
715607445
531320213
356273567
36105632
278171045
511241646
206196143
938053039
939683246
60755374
750636471
805891525
224816582
413044174
129879507
759008738
283037157
20401641
599420393
153701873
802205172
937782778
538701323
606891533
914648590
728419862
329207323
964537884
58338844
82292253
741559848
536391219
672280126
280981059
512306758
157224519
218222152
523808339
937021025
373657187
559550054
689237615
27692667
911445631
117771909
441822867
830566041
209161887
175926943
203296426
444305071
180227759
830803634
505999027
581488308
379694774
843132601
368078524
173969090
100847304
21769931
601149132
473050835
880545492
274771673
540249819
785805019
850652892
645320427
953855730
951078644
245804797
115347203
561508100
882454277
736628485
978104075
988360460
408710927
50769689
557649694
240971558
955977514
420532028
865144636
300175167
989515589
799895368
68734794
681594726
798617450
168030061
109170541
178319217
411922296
916516732
599748485
281956233
432590737
454324114
599355286
661294999
509349787
595439516
560918427
627773340
594997152
463851427
900157354
50442154
73830316
852479918
41881519
754757563
113635259
551800768
193400771
337129412
919629765
303861702
448483269
365547465
982224853
396242910
328568799
304836576
25546721
938692579
282275814
758370279
862711791
663285744
488353789
516657159
156643337
540291082
998961171
54669336
734105627
166375467
365629491
453783607
34246715
446812228
824315986
221450322
800780375
211406936
723333211
553234538
754970735
470356084
272175227
730984572
109539460
528887947
897028236
359878798
573386911
535564449
84381864
627847337
922742958
166400179
882094264
569815229
74289341
891990207
643271
959525066
821113035
700903628
8196301
531501261
295555284
569602261
305918172
588583137
147853537
517083364
607391974
484864235
10211564
539414776
23523579
838660351
237646081
637014273
72184068
485724420
56422660
1446152
463622416
639119636
126300449
297341223
87748904
652251434
768921909
351080766
754585921
311005506
224850246
12931399
667889994
379539787
254144851
924774739
49377629
835449183
780505440
607990117
996200812
372494702
907342192
777793905
985674101
693924214
425439607
826102136
60035456
268439937
876384648
970953100
352825743
24170905
693465500
952365469
700469663
98111905
517738914
352514468
564957606
922808749
745927095
823554493
901362110
272708031
958443971
956010948
983273932
106664398
562926038
239989207
849973721
265941467
29774303
727773664
890352097
378425827
501510631
755700200
310129135
130822640
206942713
454291966
137605631
721138189
766816783
114864657
557609494
941437464
499683866
846516769
585978404
832549413
127169071
611283506
428634680
419476029
342684225
315822659
360272452
49476175
130208338
732181077
747819617
780915309
812151406
13218427
690557567
845894280
217182872
90362521
622645912
907924128
488567457
8868520
52482731
107901615
702476984
934949560
853119676
690959037
751776446
212538047
825545416
139350729
551023307
910078673
202535634
803123923
995250902
196014812
93344483
191599334
875672301
67506926
458535661
757469941
310743801
172192528
908751645
597291806
752726823
736736042
725078830
966939439
123433780
415707960
997061437
766391110
659485518
269529937
18477919
309744484
901018481
523187060
626504565
655381366
964858743
871830392
289600383
747770757
815756166
149607306
737194891
34206608
750916502
375165848
623383449
238982045
316961702
703321003
807236534
208130999
60101571
896177095
531502028
634360781
889582541
476722128
730018775
463147995
512635869
962794461
694178786
587420662
875688952
391549945
475575295
60732417
342602754
807760900
494883844
895620116
828077089
634024994
550925347
551990309
353489963
206492715
792228912
340431924
828347446
841790527
723350595
881587269
674559065
482620514
660608103
71341166
213628021
775640182
710694008
830895234
831116422
521688203
708547727
292181139
9229462
809505959
105780393
449860783
661853361
6034613
340333754
173741244
285922493
542053571
43906245
16979159
477115621
831403240
685151467
533771499
182203630
867702001
446133491
903451894
240588023
87225592
867398904
950596858
826742011
373888255
117789964
27587853
424916245
135419161
364836122
884077857
403920163
416830763
572675383
505107773
348484928
610547021
31651160
511210844
654538082
476255586
265270632
371930473
935662956
651171183
329323888
131503473
432534906
119895423
66663813
863942028
501200273
657929621
42390934
607409561
459142553
388896160
599193003
616723887
868996530
750892471
649262523
994244029
118527433
965932490
746059212
647452112
802149842
235075028
249001429
70718938
331224540
521803229
345552354
722458090
979228140
65639922
163182068
250443255
800167417
219403773
667211262
472217092
867218954
136533519
592295443
452146713
987182622
858117667
267179563
567203375
817485370
8631871
201422416
192591451
344561245
150394465
74380898
409425538
732411525
879842952
419280522
980399757
991286932
533280409
510891674
693589659
573953689
251066014
312473249
266712744
640292531
532321975
62600897
634230466
471144131
248166088
976393930
50280142
24884951
460388064
445429475
364377831
523933416
148133616
272971510
104879865
562968320
333903621
495843079
436655884
537810702
739718928
458888981
414365470
12449573
982644523
202364716
449935159
286209847
508565306
537073468
980571967
683054918
728823622
610613062
215488333
446412621
365926229
369907554
535508839
815773552
436442993
281229170
910079863
669464440
742799229
945731457
875452291
969529225
365811595
287938444
620435355
225564573
230676385
86972325
839284647
402487207
84178855
80189378
355907523
843093959
667989963
89446348
349984719
939907026
735713238
334378977
62085098
608966649
422705146
609368058
88315900
27408381
209999881
904263692
5715981
314554383
63158292
705706004
748943395
556652586
235141162
841136185
921311295
505755714
645396558
809121872
88209490
801028188
45660255
147920993
411678823
606976112
485841009
349632628
82516084
608589942
574429303
757897336
331888765
538450046
694032510
908417154
456628362
198563985
34560146
141293716
805804190
993589408
919001253
629586091
812095661
646650033
277272762
668129475
757332163
933583046
564254919
357259473
83015891
595417300
494221527
378362074
877000930
84605165
372463854
884447473
81639672
150518010
363575547
12146939
330422527
775166209
364280073
422164745
208058643
311826710
675920156
454170909
553720094
632994084
92813604
843995428
269580584
657406255
987715887
289888566
843725113
139303226
445118778
680032574
452311373
682645840
220027219
420354390
953170263
866564440
58988889
602536280
767506786
494500197
163805545
260151664
339638641
745232759
566483329
151107971
790886790
90290568
246962575
263747985
568957331
60504478
270571938
17021347
141244837
576551337
745396651
54294958
237853104
798161334
424696259
385554884
843110858
443406801
907844055
919493082
335198685
893188574
88431071
462117341
53328353
469629410
526547439
799447535
904886767
680606201
430832128
917658122
156621329
257628695
99580445
956250655
600128033
433527330
312498725
604248613
358480424
642628136
447085108
880253507
286685764
348101190
712219210
713636427
443341392
178829907
973347412
823040601
136575587
386472554
324606574
706804335
375913075
698767990
497924728
732068476
382655105
14252674
79673991
47200907
678181519
798530202
174733978
238205602
370842279
200899239
575044267
184711853
615611055
578173617
488258231
291977917
492731087
784186066
80796370
291125973
548477657
166468314
479066844
906926816
489192174
805640949
706083574
67320568
385751807
64674561
741251866
936278811
181418778
474831645
973601567
757668641
593247015
156834607
984300341
30726970
600283970
39828290
927234889
257719117
906976080
8870747
30735197
788052833
494893928
298949491
750648183
4864889
316275579
600005507
989576075
773340047
85031823
411949969
505494418
770825107
250067861
757791639
632683416
580705179
364772256
723016612
712727461
339172261
371776423
367877029
16858027
435272621
322747330
19897282
763837380
676830150
575388621
928308175
148937679
259734488
900955105
163634147
165190631
873298921
407436274
168729591
523615231
703667200
317660163
603438090
843652110
451492883
54762516
636451862
810441767
939785255
96263213
551230511
760208433
964975667
330193975
753712185
169598013
67845183
648428609
965532738
171457611
856030286
498605141
374332508
829897827
532864102
793230439
332536936
927980651
952507501
947289209
28089468
128769156
484498570
729480331
132324498
984751252
189758613
193805462
513555616
990747809
134085799
942718121
921812137
882072753
760093874
361249975
122903736
475782334
953162961
999587027
298343637
219544790
305405145
992623833
244251868
48454876
135453918
493534430
181558502
449019110
634805484
719092976
15826161
623713526
490754
798637320
917495061
95788325
230432038
325713191
552508712
666729771
885685548
494091565
172137777
691486002
23876
141155656
859462991
389963094
427998559
454188385
277511525
877968747
380878189
925883761
974683511
202587518
905502083
714874246
233241991
104045962
873504144
727997847
795336101
476552618
770661804
330243501
139795889
48987570
47332812
387079629
712580560
294968785
716021206
419421658
465288677
332234241
137797121
103800330
454917646
366190095
9616914
244743702
127516190
412081697
505683491
896884263
271285806
365461039
817389109
965467704
244948543
938131013
410951244
129334860
878730831
878689872
524607062
899702360
804085338
209985114
271056477
972848734
657047134
633126499
434470504
970718825
480108138
843882097
515907187
157359733
196886148
464338573
402923157
892305047
370466455
404954776
558104226
608911018
856170155
228572846
600260271
514285238
218021560
999489218
951885508
178011851
824344271
555720401
682876628
654114518
526671577
213016281
554082023
945143528
342253297
698990323
509869814
453574392
73318137
131473149
771514112
325246725
919428871
476307209
590954250
509574923
848076557
2916112
450191130
216080156
856899357
629079849
607641388
856833845
245874487
55402297
612048697
562241339
523394875
505552700
706658106
551116608
873193281
589479747
520281930
108707659
764780371
122183511
175751010
139853685
608599926
111640439
495910774
238165886
45924227
763568005
683360136
307502987
674250641
472940435
709443475
963207063
616914846
838279071
918372275
336453556
810205112
60104645
451616711
799465418
64192487
867598316
530481133
40312819
994680819
227991543
357179385
694820858
